1380375 22461
2360358 223125
2577441 780309
1380370 22461
2535470 452935
2596911 605231
648192 62597
2523183 78090
2591790 694144
2067477 741313
2507820 256939
2342958 8254
2535464 452935
2478133 696992
2507830 256939
1912847 17950
105490 9741
713756 23127
2478131 696992
563231 9741
2478130 696992
2275385 8943
2507837 256939
1956865 357572
2591803 509901
2563130 1001735
2507833 256939
2318338 11031
589866 26933
2188292 875653
2585602 62597
2595841 69813
2188294 875653
2368515 175034
2532366 53529
2116618 7781
563237 9741
704548 22708
2306061 4416
2496531 29024
2528272 780293
2360348 223125
2040868 741313
2035746 183660
2067490 741313
1976352 34074
27711 9741
2070560 741313
2347036 875653
27713 9741
453701 40543
2507877 256939
1859673 48578
2467939 78480
2507872 256939
2429039 7781
2507884 256939
2507881 256939
2565239 30569
2574455 90080
349264 66364
1279045 48578
2332789 452935
2434163 741313
2485372 903889
2565246 1002423
1611842 660866
2502779 903889
2539641 15599
341093 27179
1464439 7699
2012287 2819
2565190 911705
2178115 11356
2453569 53529
2507843 256939
2596929 605231
341090 27179
2507855 256939
2544719 87167
2507852 256939
2439246 36906
2014322 741313
2565195 911705
560229 20857
1301630 536533
2596938 605231
2445387 25695
2012273 4416
2093168 741313
2507862 256939
2596951 605231
2040942 741313
2101329 62597
2439252 36906
2545751 994765
2566230 59091
1279078 48578
2085991 29024
2588767 798307
2543711 502232
2507867 256939
2581594 33585
2559064 1000202
2566232 696992
1836188 742756
2507942 29548
439431 59955
2580643 914309
2507939 256939
2571425 717406
1899675 36347
2545836 731054
303247 65713
2507947 256939
2289836 22708
2507944 256939
2580663 914309
455829 27179
2200754 90080
2575539 100608
446608 4738
2592945 1011630
2031751 263395
2519231 21397
2465976 758704
225436 48839
2575544 1005798
2507910 256939
2580614 914309
2332801 452935
2159747 866108
2507906 256939
2528387 650318
2594944 49166
2543759 2819
2594958 431326
1450172 78405
2189450 49590
2401417 5905
2507915 256939
2507927 256939
2507922 256939
2387089 16259
2453661 741999
2529438 974542
2574495 90080
2507933 256939
842931 100189
2507929 256939
224450 48578
2361574 875653
2367718 4416
1273040 75936
2529507 939433
2436332 36906
2526442 19310
2519273 261844
1326272 48578
1611981 59091
420049 62597
2580735 914309
2319615 452935
986321 225369
2029761 741313
2580677 914309
2385095 4738
2439366 36906
1870074 743299
2545856 186287
2563265 1001803
891114 23127
2220233 6289
2012407 47268
2362574 931982
301295 65713
782560 256767
2595020 955239
2439369 36906
349416 66364
1587445 650318
2595018 509901
2582728 857471
2526419 47334
2556113 4264
656626 100184
1743074 53135
2276571 543281
1492204 62597
1379561 22461
1859810 48578
2262307 4264
1784094 34074
2456867 690910
2574625 17434
1379602 22461
432396 91542
2456878 690910
2281774 819744
1756439 27179
2439464 36906
2439467 36906
2519337 92760
2386230 914309
2439479 36906
2456887 690910
1047834 400700
2577726 27970
2339129 4264
2456895 690910
2595132 620008
2595130 452935
1404171 48578
2142526 174829
2439483 36906
1979710 4416
2348290 875653
2526471 19310
2545927 914309
2141444 40955
2502914 34077
1769779 75936
1979702 4416
2305291 8943
2597135 436986
2526477 19310
1184062 49590
1691956 27179
1932592 190808
2595082 97202
2443530 100608
1373477 265420
2526484 19310
2590997 302427
1592622 11795
2489619 9999
2526480 19310
2549008 605231
1379618 22461
2170137 741313
2523422 40543
302397 65713
1173805 78247
2567451 9999
1573158 27179
214332 34958
2389349 875653
2576738 1006125
1111382 11356
1379677 22461
419148 27179
2469227 903889
861533 48578
1899852 223360
2595190 31426
1572162 100184
861531 48578
2530672 55819
1979721 4416
1832259 62597
2304379 29548
2381180 5905
1832258 62597
1473868 40543
861526 48578
2596217 309632
2088319 2819
2530639 55819
2439502 36906
2357582 83852
1979760 4416
2500936 709261
2501960 538863
2577737 27970
669029 37912
764283 78405
711035 14444
369015 65713
2576723 666663
899448 311143
2324822 666365
2595167 620008
2439519 36906
2439512 36906
2228572 190808
1379690 22461
2471332 9999
2610597 45093
2559395 792277
2435491 956554
2596256 225376
2369964 914309
2497966 867521
2495919 903889
1180063 41251
1198492 485235
1942925 309632
2491830 766192
344468 75936
2148785 766192
890265 4738
2582962 766192
2580927 696992
1133967 62597
2440577 40355
2129286 785119
2575744 59091
1638833 223360
2408842 184203
1951154 782016
1819050 82097
2297234 40543
2610582 45093
1521061 27179
2576789 75017
1776040 27179
1521059 27179
49589 14951
454065 31426
2576799 75017
2610590 45093
2596253 225376
2576795 75017
2488731 286175
704949 223360
1692123 68138
1877467 9678
2610670 45093
2593260 11015
2598379 287855
2345454 926887
2256364 27617
212428 26933
1138142 62597
858589 26933
2610679 45093
212434 26933
2533876 744413
2533877 744413
2610676 45093
2533874 744413
212438 26933
2454000 962175
212437 26933
1638863 223360
212436 26933
2279934 25695
607702 184017
1823172 41077
30180 9741
1212918 190808
2610638 47268
2589132 21191
1875441 690910
1382906 27799
2463178 40930
30193 9741
1871343 11031
628220 4738
2292183 5753
1212905 190808
2258393 40543
1575396 4109
2455001 5348
30206 9741
658952 14444
2571813 34958
1159698 78405
816648 265420
600590 27179
459278 9741
2526765 986537
2543147 518527
1632777 76441
2458167 83431
2295351 650318
459282 9741
2510387 97202
2495025 11059
2518590 914309
475677 92509
1629754 540588
2283008 8161
2174470 741313
2595341 8943
442922 4109
2595337 31426
49711 14951
2431509 452935
57905 26933
1280545 441146
133681 27179
2595348 31426
2595344 31426
2131482 819744
580147 9741
1100331 263395
2595354 8943
2435610 4416
687688 17280
2481766 903889
1830495 660866
2339430 689348
2358890 78127
2610794 45093
407112 20857
1847890 749543
2278002 26933
2119281 62597
2345585 926887
2589299 29024
2610801 45093
882266 62597
1844804 80241
366172 27179
2550397 263395
1299023 48578
2429561 27179
2495098 47334
1671751 40955
2078335 67952
2518598 914309
2162241 4264
2543175 518527
2078333 67952
2610756 45093
2594369 8161
2610766 45093
1423999 175034
2162250 4264
2078324 37912
180844 27179
1248893 75936
1760884 76441
2464337 9999
2438738 696992
2610768 45093
2592351 496547
2459231 855044
2610779 45093
388731 28450
2530905 988104
1323669 91542
2456228 53529
1376915 40543
2589358 744413
2589357 744413
1700500 690910
2492075 974447
2554539 996665
792220 4109
148113 34958
1933966 741313
2484918 452935
466578 4738
2462384 20769
1965707 3723
2589360 744413
2132664 4416
574097 65713
945812 339596
1445516 596344
2431679 780309
724624 9741
889494 190808
1468043 31426
1700484 690910
1034897 339596
2176702 18750
2610823 47268
2505351 913008
2534023 10773
2610822 45093
291494 48839
1083058 6289
2594435 725668
304801 27179
2162309 4264
2524803 100659
250539 8943
1700528 690910
1700531 690910
2610828 45093
1073824 10820
652987 196379
306871 8943
2219668 53025
2610833 45093
2610846 45093
1376942 40543
1643170 22461
1633956 76441
1933984 741313
2610840 45093
1778399 40543
1906393 66561
2527971 19941
328387 27179
2115304 696995
2484975 97202
2594541 741313
2610924 45093
2086608 732792
575193 173700
2610930 45093
2609904 431326
1440461 68094
2610941 45093
575187 173700
2365183 62597
970450 31426
584405 91542
575190 173700
1633990 76441
1934077 34074
2442949 59091
1617658 32364
2473671 53529
2610885 45093
2579140 21397
2429632 8161
2593474 53819
2057977 741313
2548417 944456
2045687 485235
2579151 5753
2057974 741313
2610892 45093
2443977 822773
2550474 263395
885472 27799
759546 8943
1744619 699386
173809 27179
2183892 874149
2610898 45093
759549 8943
2594513 661990
2610911 45093
141051 9741
366332 27179
2352858 10773
2594526 509901
1778401 40543
2610907 45093
2092768 582449
2492198 4416
2214690 59997
2047771 690910
2291494 4264
1220372 496496
2610976 45093
103177 27179
103176 27179
2092822 741313
2475820 21397
2466600 966112
974620 100184
2520884 903889
2485042 875653
2317114 661275
2461500 928364
1704704 31326
2585404 62597
2497338 914309
132898 9741
2471685 76441
1279794 11031
2462468 68138
2610950 45093
1722168 27179
2258688 40543
2571013 83431
800559 49590
2591491 237447
1279802 11031
1378105 11698
2216717 2819
2291471 4264
2610952 45093
778043 20857
2594583 68138
2610966 45093
2610962 45093
438076 4250
2291481 4264
778038 20857
2610970 45093
1377067 27179
1443671 31426
709448 225369
2350945 822773
2478945 41313
2497390 538863
472910 31426
2183016 690910
2183019 690910
1900375 2819
2093908 741313
2568043 1003298
2580331 32364
2183023 690910
2522985 985225
2519922 512997
2492272 733308
2183032 690910
2567037 666365
2497402 538863
983890 62597
398168 11356
983888 62597
2093950 741313
2470724 68138
1404791 579127
1159030 190808
2423630 36669
2550604 996665
2407241 9341
2467656 235485
1113982 31426
2471754 76441
2313043 48578
2570071 911197
2321234 538863
2327385 2819
1159018 190808
208767 68138
1982366 265420
1649560 441146
2499492 78127
2134948 22708
2460576 184203
133001 32735
224143 48578
2483125 4264
2503606 766192
2554807 32364
2296753 7781
1645452 263395
2474928 5753
224149 48578
643998 16259
1624975 34074
2584496 931982
229275 9741
2300858 173700
2093952 741313
704426 223125
2013116 650318
1982397 265420
1896376 11795
2052025 832209
2134918 19941
1301428 441146
2580352 1007256
2592640 822773
2287498 29548
2503567 766192
1773494 38012
2425738 855044
1308577 12468
307127 65713
2563988 9341
1891240 8161
1443747 4250
39865 97202
2466719 650318
234424 14951
2431896 25695
452550 68138
2336739 915288
2562023 57538
2336738 915288
2585572 62597
2576353 452935
2342889 441146
2282478 54217
1204188 41313
1684438 690910
2485237 40930
1918927 780309
2359287 86979
2600944 718889
1204169 41313
2042820 828722
2147324 87757
1800134 4416
2042818 828722
2574330 40930
825299 27179
2509767 538863
2569158 86201
2352064 875653
1928185 47334
293871 62597
1736695 86201
2554827 32364
1899507 48578
2311123 660866
2584535 786931
2140114 5753
755704 9741
2576337 452935
2527185 452935
2345951 875653
1380331 22461
2471899 44068
2576344 452935
