103176
103177
1034897
1047834
105490
1073824
1083058
1100331
1111382
1113982
1133967
1138142
1159018
1159030
1159698
1173805
1180063
1184062
1198492
1204169
1204188
1212905
1212918
1220372
1248893
1273040
1279045
1279078
1279794
1279802
1280545
1299023
1301428
1301630
1308577
1323669
1326272
132898
133001
133681
1373477
1376915
1376942
1377067
1378105
1379561
1379602
1379618
1379677
1379690
1380331
1380370
1380375
1382906
1404171
1404791
141051
1423999
1440461
1443671
1443747
1445516
1450172
1464439
1468043
1473868
148113
1492204
1521059
1521061
1572162
1573158
1575396
1587445
1592622
1611842
1611981
1617658
1624975
1629754
1632777
1633956
1633990
1638833
1638863
1643170
1645452
1649560
1671751
1684438
1691956
1692123
1700484
1700500
1700528
1700531
1704704
1722168
1736695
173809
1743074
1744619
1756439
1760884
1769779
1773494
1776040
1778399
1778401
1784094
1800134
180844
1819050
1823172
1830495
1832258
1832259
1836188
1844804
1847890
1859673
1859810
1870074
1871343
1875441
1877467
1891240
1896376
1899507
1899675
1899852
1900375
1906393
1912847
1918927
1928185
1932592
1933966
1933984
1934077
1942925
1951154
1956865
1965707
1976352
1979702
1979710
1979721
1979760
1982366
1982397
2012273
2012287
2012407
2013116
2014322
2029761
2031751
2035746
2040868
2040942
2042818
2042820
2045687
2047771
2052025
2057974
2057977
2067477
2067490
2070560
2078324
2078333
2078335
2085991
2086608
208767
2088319
2092768
2092822
2093168
2093908
2093950
2093952
2101329
2115304
2116618
2119281
212428
212434
212436
212437
212438
2129286
2131482
2132664
2134918
2134948
2140114
2141444
2142526
214332
2147324
2148785
2159747
2162241
2162250
2162309
2170137
2174470
2176702
2178115
2183016
2183019
2183023
2183032
2183892
2188292
2188294
2189450
2200754
2214690
2216717
2219668
2220233
2228572
224143
224149
224450
225436
2256364
2258393
2258688
2262307
2275385
2276571
2278002
2279934
2281774
2282478
2283008
2287498
2289836
2291471
2291481
2291494
2292183
229275
2295351
2296753
2297234
2300858
2304379
2305291
2306061
2311123
2313043
2317114
2318338
2321234
2324822
2327385
2336738
2336739
2339129
2339430
2342889
2342958
234424
2345454
2345585
2345951
2347036
2348290
2350945
2352064
2352858
2357582
2358890
2359287
2360348
2360358
2361574
2362574
2365183
2367718
2368515
2369964
2381180
2385095
2386230
2387089
2389349
2401417
2407241
2408842
2423630
2425738
2429039
2429561
2429632
2431679
2431896
2434163
2435491
2435610
2436332
2438738
2439246
2439252
2439366
2439369
2439464
2439467
2439479
2439483
2439502
2439512
2439519
2440577
2442949
2443530
2443977
2445387
2453569
2453661
2454000
2455001
2456228
2456867
2456878
2456887
2456895
2458167
2459231
2460576
2461500
2462384
2462468
2463178
2464337
2465976
2466600
2466719
2467656
2467939
2469227
2470724
2471332
2471685
2471754
2471899
2473671
2474928
2475820
2478130
2478131
2478133
2478945
2481766
2483125
2484975
2485042
2485237
2485372
2488731
2489619
2491830
2492075
2492198
2492272
2495025
2495098
2495919
2496531
2497338
2497390
2497402
2497966
2499492
2500936
2501960
2502779
2502914
2503567
2503606
2505351
250539
2507820
2507830
2507833
2507837
2507843
2507852
2507855
2507862
2507867
2507872
2507877
2507881
2507884
2507906
2507910
2507915
2507922
2507927
2507929
2507933
2507939
2507942
2507944
2507947
2509767
2510387
2518590
2518598
2519231
2519273
2519337
2519922
2520884
2522985
2523183
2523422
2524803
2526419
2526442
2526471
2526477
2526480
2526484
2526765
2527971
2528272
2528387
2529438
2529507
2530639
2530672
2530905
2532366
2533874
2533876
2533877
2534023
2539641
2543147
2543175
2543711
2543759
2544719
2545751
2545836
2545856
2545927
2548417
2549008
2550397
2550474
2550604
2554539
2554807
2554827
2556113
2559064
2559395
2562023
2563130
2563265
2563988
2565190
2565195
2565239
2565246
2566230
2566232
2567037
2567451
2568043
2569158
2570071
2571013
2571425
2571813
2574330
2574455
2574495
2574625
2575539
2575544
2575744
2576723
2576738
2576789
2576795
2576799
2577441
2577726
2577737
2579140
2579151
2580331
2580352
2580614
2580643
2580663
2580677
2580735
2580927
2581594
2582728
2582962
2584496
2584535
2585404
2585572
2585602
2588767
2589132
2589299
2589357
2589358
2589360
2590997
2591491
2591790
2591803
2592351
2592640
2592945
2593260
2593474
2594369
2594435
2594513
2594526
2594541
2594583
2594944
2594958
2595018
2595020
2595082
2595132
2595167
2595190
2595337
2595341
2595344
2595348
2595354
2595841
2596217
2596253
2596256
2596911
2596929
2596938
2596951
2597135
2598379
2600944
2609904
2610582
2610590
2610597
2610638
2610670
2610676
2610679
2610756
2610766
2610768
2610779
2610794
2610801
2610822
2610823
2610828
2610833
2610840
2610846
2610885
2610892
2610898
2610907
2610911
2610924
2610930
2610941
2610950
2610952
2610962
2610966
2610970
2610976
27711
27713
291494
293871
301295
30180
30193
30206
302397
303247
304801
306871
307127
328387
341090
341093
344468
349264
349416
366172
366332
369015
388731
398168
39865
407112
419148
420049
432396
438076
439431
442922
446608
452550
453701
454065
455829
459278
459282
466578
472910
475677
49589
49711
560229
563231
563237
574097
575187
575190
575193
57905
580147
584405
589866
600590
607702
628220
643998
648192
652987
656626
658952
669029
687688
704426
704548
704949
709448
711035
713756
724624
755704
759546
759549
764283
778038
778043
782560
792220
800559
816648
825299
842931
858589
861526
861531
861533
882266
885472
889494
890265
891114
899448
945812
970450
974620
983888
983890
986321
