1000202
1001735
1001803
100184
100189
1002423
1003298
1005798
100608
1006125
100659
1007256
1011630
10773
10820
11015
11031
11059
11356
11698
11795
12468
14444
14951
15599
16259
17280
173700
17434
174829
175034
17950
183660
184017
184203
186287
18750
190808
19310
196379
19941
20769
20857
21191
21397
223125
223360
22461
225369
225376
22708
23127
235485
237447
256767
256939
25695
261844
263395
265420
26933
27179
27617
27799
27970
2819
28450
286175
287855
29024
29548
302427
30569
309632
311143
31326
31426
32364
32735
33585
339596
34074
34077
34958
357572
36347
36669
36906
3723
37912
38012
400700
40355
40543
40930
40955
41077
4109
41251
41313
4250
4264
431326
436986
44068
441146
4416
45093
47268
47334
4738
485235
48578
48839
49166
49590
496496
496547
502232
509901
512997
518527
53025
53135
5348
53529
536533
53819
538863
540588
54217
543281
55819
5753
57538
579127
582449
5905
59091
596344
59955
59997
605231
620008
62597
6289
650318
65713
660866
661275
661990
66364
66561
666365
666663
67952
68094
68138
689348
690910
694144
696992
696995
69813
699386
709261
717406
718889
725668
731054
732792
733308
741313
741999
742756
743299
744413
749543
75017
758704
75936
76441
766192
7699
7781
780293
780309
78090
78127
782016
78247
78405
78480
785119
786931
792277
798307
80241
8161
819744
82097
822773
8254
828722
832209
83431
83852
855044
857471
86201
866108
867521
86979
87167
874149
875653
87757
8943
90080
903889
911197
911705
913008
914309
915288
91542
92509
926887
92760
928364
931982
9341
939433
944456
955239
956554
962175
966112
9678
97202
9741
974447
974542
985225
986537
988104
994765
996665
9999
